Agricultural, Environmental and Resource Economics - MSc (Agriculture and Forestry)
University of Helsinki
MSc
2 years
Helsinki
Finland
